         1          1          1          1          1          1          1          1          1          1          1          1
         0   0.490866   0.678901    0.76118   0.799519   0.815178   0.815178   0.799519    0.76118   0.678901   0.490866          0
         0   0.284561    0.46356   0.566299   0.621718   0.646016   0.646016   0.621718   0.566299    0.46356   0.284561          0
         0   0.183818   0.324478   0.418739   0.475038   0.501151   0.501151   0.475038   0.418739   0.324478   0.183818          0
         0   0.126235   0.231793   0.309142   0.358544   0.382398   0.382398   0.358544   0.309142   0.231793   0.126235          0
         0  0.0893273    0.16732    0.22749   0.267599   0.287499   0.287499   0.267599    0.22749    0.16732  0.0893273          0
         0  0.0637547   0.120667     0.1659   0.196864   0.212501   0.212501   0.196864     0.1659   0.120667  0.0637547          0
         0  0.0450244  0.0856951   0.118578   0.141456   0.153139   0.153139   0.141456   0.118578  0.0856951  0.0450244          0
         0  0.0306478   0.058511  0.0812609  0.0972424    0.10546    0.10546  0.0972424  0.0812609   0.058511  0.0306478          0
         0  0.0190556  0.0364402  0.0507122  0.0607935  0.0659976  0.0659976  0.0607935  0.0507122  0.0364402  0.0190556          0
         0 0.00913445  0.0174822  0.0243541  0.0292218  0.0317398  0.0317398  0.0292218  0.0243541  0.0174822 0.00913445          0
         0          0          0          0          0          0          0          0          0          0          0          0