0 0 0 0 0 0 0 0 0 0 0 0 0 0 0 0 0 0 0 0 0 0 0 0 0 0 0 0 0 0 0 0 0 0 0 0 0 0 0 0 0 0 0 0 0 0 0 0 0 0 0 0 
0 0.000420895 0.000840119 0.00125601 0.00166694 0.00207127 0.00246742 0.00285387 0.0032291 0.0035917 0.00394027 0.00427353 0.00459021 0.00488918 0.00516933 0.00542967 0.00566928 0.00588731 0.00608301 0.00625571 0.00640482 0.00652984 0.00663036 0.00670603 0.00675662 0.00678196 0.00678196 0.00675662 0.00670603 0.00663036 0.00652984 0.00640482 0.00625571 0.00608301 0.00588731 0.00566928 0.00542967 0.00516933 0.00488918 0.00459021 0.00427353 0.00394027 0.0035917 0.0032291 0.00285387 0.00246742 0.00207127 0.00166694 0.00125601 0.000840119 0.000420895 0 
0 0.000843459 0.00168357 0.002517 0.00334046 0.0041507 0.00494456 0.00571894 0.00647085 0.00719741 0.00789587 0.00856361 0.00919815 0.00979717 0.0103585 0.0108801 0.0113601 0.0117969 0.012189 0.012535 0.0128337 0.0130842 0.0132855 0.0134372 0.0135385 0.0135893 0.0135893 0.0135385 0.0134372 0.0132855 0.0130842 0.0128337 0.012535 0.012189 0.0117969 0.0113601 0.0108801 0.0103585 0.00979717 0.00919815 0.00856361 0.00789587 0.00719741 0.00647085 0.00571894 0.00494456 0.0041507 0.00334046 0.002517 0.00168357 0.000843459 0 
0 0.00126937 0.0025337 0.00378796 0.0050272 0.00624653 0.00744117 0.00860648 0.00973794 0.0108312 0.0118822 0.0128869 0.0138416 0.0147429 0.0155873 0.0163721 0.0170942 0.0177513 0.0183411 0.0188615 0.0193109 0.0196876 0.0199905 0.0202185 0.020371 0.0204473 0.0204473 0.020371 0.0202185 0.0199905 0.0196876 0.0193109 0.0188615 0.0183411 0.0177513 0.0170942 0.0163721 0.0155873 0.0147429 0.0138416 0.0128869 0.0118822 0.0108312 0.00973794 0.00860648 0.00744117 0.00624653 0.0050272 0.00378796 0.0025337 0.00126937 0 
0 0.00170033 0.00339389 0.00507395 0.00673385 0.00836705 0.00996713 0.0115279 0.0130432 0.0145074 0.0159148 0.0172602 0.0185386 0.0197453 0.020876 0.0219266 0.0228934 0.023773 0.0245625 0.0252592 0.0258607 0.0263649 0.0267703 0.0270755 0.0272795 0.0273817 0.0273817 0.0272795 0.0270755 0.0267703 0.0263649 0.0258607 0.0252592 0.0245625 0.023773 0.0228934 0.0219266 0.020876 0.0197453 0.0185386 0.0172602 0.0159148 0.0145074 0.0130432 0.0115279 0.00996713 0.00836705 0.00673385 0.00507395 0.00339389 0.00170033 0 
0 0.00213805 0.00426758 0.00638009 0.00846721 0.0105207 0.0125324 0.0144946 0.0163997 0.0182402 0.0200094 0.0217005 0.0233072 0.0248238 0.0262447 0.0275649 0.0287797 0.0298849 0.0308768 0.031752 0.0325076 0.0331411 0.0336503 0.0340337 0.0342899 0.0344183 0.0344183 0.0342899 0.0340337 0.0336503 0.0331411 0.0325076 0.031752 0.0308768 0.0298849 0.0287797 0.0275649 0.0262447 0.0248238 0.0233072 0.0217005 0.0200094 0.0182402 0.0163997 0.0144946 0.0125324 0.0105207 0.00846721 0.00638009 0.00426758 0.00213805 0 
0 0.00258431 0.00515828 0.00771163 0.0102342 0.012716 0.0151473 0.0175185 0.0198206 0.0220445 0.024182 0.0262251 0.028166 0.0299979 0.0317141 0.0333085 0.0347755 0.0361102 0.0373078 0.0383645 0.0392767 0.0400414 0.0406562 0.0411189 0.0414283 0.0415832 0.0415832 0.0414283 0.0411189 0.0406562 0.0400414 0.0392767 0.0383645 0.0373078 0.0361102 0.0347755 0.0333085 0.0317141 0.0299979 0.028166 0.0262251 0.024182 0.0220445 0.0198206 0.0175185 0.0151473 0.012716 0.0102342 0.00771163 0.00515828 0.00258431 0 
0 0.00304089 0.00606959 0.00907395 0.012042 0.0149619 0.0178222 0.0206117 0.0233195 0.0259353 0.0284492 0.0308517 0.033134 0.0352878 0.0373053 0.0391795 0.0409038 0.0424724 0.0438798 0.0451215 0.0461933 0.0470917 0.047814 0.0483576 0.0487211 0.048903 0.048903 0.0487211 0.0483576 0.047814 0.0470917 0.0461933 0.0451215 0.0438798 0.0424724 0.0409038 0.0391795 0.0373053 0.0352878 0.033134 0.0308517 0.0284492 0.0259353 0.0233195 0.0206117 0.0178222 0.0149619 0.012042 0.00907395 0.00606959 0.00304089 0 
0 0.00350968 0.00700523 0.0104726 0.0138979 0.0172674 0.020568 0.0237865 0.0269105 0.029928 0.0328277 0.0355985 0.0382304 0.0407138 0.0430399 0.0452004 0.0471879 0.0489956 0.0506175 0.0520483 0.0532832 0.0543183 0.0551503 0.0557766 0.0561952 0.0564049 0.0564049 0.0561952 0.0557766 0.0551503 0.0543183 0.0532832 0.0520483 0.0506175 0.0489956 0.0471879 0.0452004 0.0430399 0.0407138 0.0382304 0.0355985 0.0328277 0.029928 0.0269105 0.0237865 0.020568 0.0172674 0.0138979 0.0104726 0.00700523 0.00350968 0 
0 0.0039926 0.00796905 0.0119133 0.0158095 0.019642 0.0233957 0.0270557 0.030608 0.0340387 0.0373349 0.0404843 0.0434754 0.0462973 0.04894 0.0513943 0.0536517 0.0557047 0.0575465 0.0591709 0.0605729 0.061748 0.0626924 0.0634033 0.0638784 0.0641163 0.0641163 0.0638784 0.0634033 0.0626924 0.061748 0.0605729 0.0591709 0.0575465 0.0557047 0.0536517 0.0513943 0.04894 0.0462973 0.0434754 0.0404843 0.0373349 0.0340387 0.030608 0.0270557 0.0233957 0.019642 0.0158095 0.0119133 0.00796905 0.0039926 0 
0 0.00449168 0.00896509 0.0134021 0.0177847 0.0220954 0.026317 0.0304329 0.0344269 0.0382838 0.0419889 0.0455285 0.0488895 0.0520599 0.0550285 0.057785 0.06032 0.0626251 0.0646927 0.0665161 0.0680896 0.0694083 0.070468 0.0712657 0.0717988 0.0720657 0.0720657 0.0717988 0.0712657 0.070468 0.0694083 0.0680896 0.0665161 0.0646927 0.0626251 0.06032 0.057785 0.0550285 0.0520599 0.0488895 0.0455285 0.0419889 0.0382838 0.0344269 0.0304329 0.026317 0.0220954 0.0177847 0.0134021 0.00896509 0.00449168 0 
0 0.00500901 0.00999754 0.0149452 0.0198319 0.024638 0.0293441 0.0339318 0.038383 0.0426807 0.0468085 0.0507512 0.0544943 0.0580244 0.0613291 0.0643972 0.0672182 0.0697829 0.072083 0.0741112 0.0758611 0.0773275 0.0785058 0.0793926 0.0799853 0.080282 0.080282 0.0799853 0.0793926 0.0785058 0.0773275 0.0758611 0.0741112 0.072083 0.0697829 0.0672182 0.0643972 0.0613291 0.0580244 0.0544943 0.0507512 0.0468085 0.0426807 0.038383 0.0339318 0.0293441 0.024638 0.0198319 0.0149452 0.00999754 0.00500901 0 
0 0.00554684 0.0110708 0.0165493 0.0219598 0.0272804 0.0324898 0.0375671 0.0424927 0.0472474 0.0518133 0.0561735 0.060312 0.0642142 0.0678665 0.0712564 0.0743728 0.0772054 0.0797452 0.0819844 0.0839162 0.0855347 0.0868351 0.0878137 0.0884677 0.0887951 0.0887951 0.0884677 0.0878137 0.0868351 0.0855347 0.0839162 0.0819844 0.0797452 0.0772054 0.0743728 0.0712564 0.0678665 0.0642142 0.060312 0.0561735 0.0518133 0.0472474 0.0424927 0.0375671 0.0324898 0.0272804 0.0219598 0.0165493 0.0110708 0.00554684 0 
0 0.00610752 0.0121897 0.0182213 0.0241776 0.0300341 0.0357673 0.0413543 0.0467731 0.0520029 0.0570239 0.0618174 0.0663661 0.0706539 0.0746662 0.0783893 0.081811 0.0849205 0.0877081 0.0901652 0.0922845 0.0940599 0.0954862 0.0965595 0.0972766 0.0976357 0.0976357 0.0972766 0.0965595 0.0954862 0.0940599 0.0922845 0.0901652 0.0877081 0.0849205 0.081811 0.0783893 0.0746662 0.0706539 0.0663661 0.0618174 0.0570239 0.0520029 0.0467731 0.0413543 0.0357673 0.0300341 0.0241776 0.0182213 0.0121897 0.00610752 0 
0 0.00669354 0.0133591 0.0199687 0.026495 0.0329112 0.0391911 0.0453097 0.0512427 0.0569673 0.0624618 0.067706 0.072681 0.0773693 0.081755 0.0858234 0.0895616 0.0929577 0.0960014 0.0986837 0.100997 0.102934 0.10449 0.105661 0.106444 0.106835 0.106835 0.106444 0.105661 0.10449 0.102934 0.100997 0.0986837 0.0960014 0.0929577 0.0895616 0.0858234 0.081755 0.0773693 0.072681 0.067706 0.0624618 0.0569673 0.0512427 0.0453097 0.0391911 0.0329112 0.026495 0.0199687 0.0133591 0.00669354 0 
0 0.00730761 0.0145843 0.0217994 0.0289226 0.0359245 0.0427763 0.0494505 0.0559206 0.0621617 0.0681501 0.0738639 0.0792826 0.0843873 0.089161 0.0935879 0.0976541 0.101347 0.104656 0.107571 0.110085 0.11219 0.11388 0.115152 0.116001 0.116427 0.116427 0.116001 0.115152 0.11388 0.11219 0.110085 0.107571 0.104656 0.101347 0.0976541 0.0935879 0.089161 0.0843873 0.0792826 0.0738639 0.0681501 0.0621617 0.0559206 0.0494505 0.0427763 0.0359245 0.0289226 0.0217994 0.0145843 0.00730761 0 
0 0.0079526 0.0158712 0.0237219 0.0314716 0.0390879 0.0465392 0.0537954 0.0608276 0.0676088 0.0741131 0.0803169 0.0861981 0.0917365 0.0969137 0.101713 0.10612 0.110121 0.113705 0.116861 0.119582 0.121859 0.123688 0.125064 0.125983 0.126443 0.126443 0.125983 0.125064 0.123688 0.121859 0.119582 0.116861 0.113705 0.110121 0.10612 0.101713 0.0969137 0.0917365 0.0861981 0.0803169 0.0741131 0.0676088 0.0608276 0.0537954 0.0465392 0.0390879 0.0314716 0.0237219 0.0158712 0.0079526 0 
0 0.00863162 0.0172258 0.0257455 0.0341541 0.0424161 0.0504971 0.0583642 0.0659858 0.0733326 0.0803767 0.0870925 0.0934564 0.0994468 0.105044 0.110231 0.114991 0.119312 0.12318 0.126586 0.129521 0.131978 0.13395 0.135433 0.136424 0.13692 0.13692 0.136424 0.135433 0.13395 0.131978 0.129521 0.126586 0.12318 0.119312 0.114991 0.110231 0.105044 0.0994468 0.0934564 0.0870925 0.0803767 0.0733326 0.0659858 0.0583642 0.0504971 0.0424161 0.0341541 0.0257455 0.0172258 0.00863162 0 
0 0.00934808 0.018655 0.0278801 0.0369832 0.0459254 0.0546691 0.0631783 0.071419 0.079359 0.0869686 0.0942201 0.101088 0.10755 0.113585 0.119175 0.124303 0.128955 0.133118 0.136783 0.13994 0.142581 0.144701 0.146295 0.147359 0.147892 0.147892 0.147359 0.146295 0.144701 0.142581 0.13994 0.136783 0.133118 0.128955 0.124303 0.119175 0.113585 0.10755 0.101088 0.0942201 0.0869686 0.079359 0.071419 0.0631783 0.0546691 0.0459254 0.0369832 0.0278801 0.018655 0.00934808 0 
0 0.0101057 0.0201661 0.0301366 0.0399732 0.0496332 0.0590755 0.068261 0.0771527 0.0857159 0.0939185 0.101731 0.109126 0.116081 0.122572 0.128581 0.13409 0.139086 0.143555 0.147487 0.150873 0.153705 0.155978 0.157686 0.158827 0.159398 0.159398 0.158827 0.157686 0.155978 0.153705 0.150873 0.147487 0.143555 0.139086 0.13409 0.128581 0.122572 0.116081 0.109126 0.101731 0.0939185 0.0857159 0.0771527 0.068261 0.0590755 0.0496332 0.0399732 0.0301366 0.0201661 0.0101057 0 
0 0.0109085 0.0217672 0.032527 0.0431397 0.0535586 0.0637388 0.0736376 0.0832149 0.0924334 0.101259 0.109659 0.117606 0.125074 0.13204 0.138485 0.144392 0.149744 0.15453 0.158738 0.16236 0.165389 0.167819 0.169645 0.170864 0.171474 0.171474 0.170864 0.169645 0.167819 0.165389 0.16236 0.158738 0.15453 0.149744 0.144392 0.138485 0.13204 0.125074 0.117606 0.109659 0.101259 0.0924334 0.0832149 0.0736376 0.0637388 0.0535586 0.0431397 0.032527 0.0217672 0.0109085 0 
0 0.0117609 0.0234672 0.0350646 0.0465002 0.0577228 0.0686834 0.0793356 0.089636 0.0995442 0.109023 0.11804 0.126564 0.134569 0.142031 0.148929 0.155247 0.160968 0.166081 0.170575 0.174441 0.177672 0.180263 0.18221 0.18351 0.18416 0.18416 0.18351 0.18221 0.180263 0.177672 0.174441 0.170575 0.166081 0.160968 0.155247 0.148929 0.142031 0.134569 0.126564 0.11804 0.109023 0.0995442 0.089636 0.0793356 0.0686834 0.0577228 0.0465002 0.0350646 0.0234672 0.0117609 0 
0 0.0126682 0.025276 0.0377639 0.0500736 0.062149 0.0739364 0.0853855 0.0964491 0.107084 0.117251 0.126914 0.136042 0.144607 0.152584 0.159954 0.166698 0.172801 0.178252 0.18304 0.187156 0.190596 0.193352 0.195423 0.196805 0.197496 0.197496 0.196805 0.195423 0.193352 0.190596 0.187156 0.18304 0.178252 0.172801 0.166698 0.159954 0.152584 0.144607 0.136042 0.126914 0.117251 0.107084 0.0964491 0.0853855 0.0739364 0.062149 0.0500736 0.0377639 0.025276 0.0126682 0 
0 0.0136357 0.0272048 0.0406414 0.0538813 0.066863 0.0795278 0.0918208 0.103691 0.115092 0.125982 0.136323 0.146082 0.155232 0.163746 0.171604 0.178789 0.185287 0.191085 0.196175 0.200549 0.204201 0.207128 0.209325 0.210791 0.211524 0.211524 0.210791 0.209325 0.207128 0.204201 0.200549 0.196175 0.191085 0.185287 0.178789 0.171604 0.163746 0.155232 0.146082 0.136323 0.125982 0.115092 0.103691 0.0918208 0.0795278 0.066863 0.0538813 0.0406414 0.0272048 0.0136357 0 
0 0.0146699 0.029266 0.0437154 0.0579474 0.071894 0.0854911 0.0986788 0.111402 0.123611 0.135262 0.146314 0.156733 0.166491 0.175563 0.183928 0.191569 0.198472 0.204628 0.210027 0.214664 0.218533 0.221632 0.223958 0.225509 0.226285 0.226285 0.225509 0.223958 0.221632 0.218533 0.214664 0.210027 0.204628 0.198472 0.191569 0.183928 0.175563 0.166491 0.156733 0.146314 0.135262 0.123611 0.111402 0.0986788 0.0854911 0.071894 0.0579474 0.0437154 0.029266 0.0146699 0 
0 0.015778 0.031474 0.047007 0.0622988 0.0772745 0.0918637 0.106001 0.119628 0.132689 0.14514 0.156937 0.168046 0.178438 0.188087 0.196975 0.205085 0.212405 0.218926 0.224641 0.229545 0.233635 0.236909 0.239365 0.241003 0.241822 0.241822 0.241003 0.239365 0.236909 0.233635 0.229545 0.224641 0.218926 0.212405 0.205085 0.196975 0.188087 0.178438 0.168046 0.156937 0.14514 0.132689 0.119628 0.106001 0.0918637 0.0772745 0.0622988 0.047007 0.031474 0.015778 0 
0 0.0169682 0.0338448 0.0505398 0.0669663 0.0830415 0.0986879 0.113835 0.128417 0.142379 0.15567 0.168248 0.180076 0.191126 0.201374 0.2108 0.219392 0.227137 0.234031 0.240066 0.245241 0.249554 0.253004 0.255591 0.257316 0.258178 0.258178 0.257316 0.255591 0.253004 0.249554 0.245241 0.240066 0.234031 0.227137 0.219392 0.2108 0.201374 0.191126 0.180076 0.168248 0.15567 0.142379 0.128417 0.113835 0.0986879 0.0830415 0.0669663 0.0505398 0.0338448 0.0169682 0 
0 0.0182498 0.0363971 0.0543412 0.0719851 0.0892371 0.106012 0.122232 0.137828 0.15274 0.166914 0.180308 0.192885 0.204617 0.215481 0.22546 0.234543 0.242723 0.249993 0.256352 0.261799 0.266335 0.269962 0.27268 0.274491 0.275396 0.275396 0.274491 0.27268 0.269962 0.266335 0.261799 0.256352 0.249993 0.242723 0.234543 0.22546 0.215481 0.204617 0.192885 0.180308 0.166914 0.15274 0.137828 0.122232 0.106012 0.0892371 0.0719851 0.0543412 0.0363971 0.0182498 0 
0 0.0196341 0.0391527 0.0584428 0.0773959 0.0959098 0.113891 0.131254 0.147924 0.163837 0.178939 0.193185 0.20654 0.218975 0.230472 0.241017 0.250599 0.259216 0.266866 0.273549 0.279268 0.284027 0.287828 0.290675 0.292572 0.293519 0.293519 0.292572 0.290675 0.287828 0.284027 0.279268 0.273549 0.266866 0.259216 0.250599 0.241017 0.230472 0.218975 0.20654 0.193185 0.178939 0.163837 0.147924 0.131254 0.113891 0.0959098 0.0773959 0.0584428 0.0391527 0.0196341 0 
0 0.0211337 0.0421368 0.0628815 0.0832458 0.103116 0.122387 0.140968 0.158777 0.175746 0.19182 0.206954 0.221113 0.234273 0.246416 0.257534 0.267621 0.276678 0.284706 0.291711 0.297698 0.302675 0.306648 0.309621 0.311601 0.31259 0.31259 0.311601 0.309621 0.306648 0.302675 0.297698 0.291711 0.284706 0.276678 0.267621 0.257534 0.246416 0.234273 0.221113 0.206954 0.19182 0.175746 0.158777 0.140968 0.122387 0.103116 0.0832458 0.0628815 0.0421368 0.0211337 0 
0 0.0227641 0.0453793 0.0677006 0.08959 0.11092 0.131575 0.151453 0.170469 0.188551 0.205641 0.221697 0.236685 0.250586 0.263387 0.275083 0.285674 0.295167 0.303569 0.310889 0.317139 0.322328 0.326466 0.329562 0.331622 0.332651 0.332651 0.331622 0.329562 0.326466 0.322328 0.317139 0.310889 0.303569 0.295167 0.285674 0.275083 0.263387 0.250586 0.236685 0.221697 0.205641 0.188551 0.170469 0.151453 0.131575 0.11092 0.08959 0.0677006 0.0453793 0.0227641 0 
0 0.0245432 0.0489157 0.0729515 0.0964939 0.119399 0.141538 0.162802 0.183096 0.202347 0.220498 0.237506 0.253345 0.267999 0.281462 0.293735 0.304826 0.314748 0.323513 0.331139 0.33764 0.343031 0.347327 0.350538 0.352674 0.35374 0.35374 0.352674 0.350538 0.347327 0.343031 0.33764 0.331139 0.323513 0.314748 0.304826 0.293735 0.281462 0.267999 0.253345 0.237506 0.220498 0.202347 0.183096 0.162802 0.141538 0.119399 0.0964939 0.0729515 0.0489157 0.0245432 0 
0 0.0264931 0.0527888 0.0786959 0.104035 0.128644 0.152378 0.175119 0.196766 0.217243 0.236496 0.254485 0.271191 0.286603 0.300726 0.313569 0.325148 0.335484 0.344598 0.352513 0.35925 0.364831 0.369272 0.37259 0.374795 0.375895 0.375895 0.374795 0.37259 0.369272 0.364831 0.35925 0.352513 0.344598 0.335484 0.325148 0.313569 0.300726 0.286603 0.271191 0.254485 0.236496 0.217243 0.196766 0.175119 0.152378 0.128644 0.104035 0.0786959 0.0527888 0.0264931 0 
0 0.0286403 0.0570504 0.0850082 0.112307 0.138762 0.164213 0.188529 0.211605 0.233365 0.253757 0.272749 0.290329 0.306498 0.32127 0.334667 0.346714 0.357442 0.366882 0.375064 0.382017 0.387769 0.392341 0.395754 0.39802 0.399151 0.399151 0.39802 0.395754 0.392341 0.387769 0.382017 0.375064 0.366882 0.357442 0.346714 0.334667 0.32127 0.306498 0.290329 0.272749 0.253757 0.233365 0.211605 0.188529 0.164213 0.138762 0.112307 0.0850082 0.0570504 0.0286403 0 
0 0.0310178 0.0617643 0.0919793 0.121423 0.149884 0.177183 0.203178 0.227761 0.250856 0.272417 0.292424 0.310877 0.32779 0.343191 0.357114 0.369599 0.380688 0.390423 0.398844 0.405987 0.411887 0.416571 0.420063 0.422381 0.423538 0.423538 0.422381 0.420063 0.416571 0.411887 0.405987 0.398844 0.390423 0.380688 0.369599 0.357114 0.343191 0.32779 0.310877 0.292424 0.272417 0.250856 0.227761 0.203178 0.177183 0.149884 0.121423 0.0919793 0.0617643 0.0310178 0 
0 0.0336664 0.0670098 0.0997218 0.131522 0.162167 0.191458 0.21924 0.245404 0.269879 0.292632 0.313654 0.332964 0.350594 0.366588 0.380999 0.39388 0.405289 0.415279 0.4239 0.4312 0.43722 0.441992 0.445547 0.447905 0.44908 0.44908 0.447905 0.445547 0.441992 0.43722 0.4312 0.4239 0.415279 0.405289 0.39388 0.380999 0.366588 0.350594 0.332964 0.313654 0.292632 0.269879 0.245404 0.21924 0.191458 0.162167 0.131522 0.0997218 0.0670098 0.0336664 0 
0 0.0366381 0.0728866 0.108376 0.142776 0.175805 0.207241 0.236921 0.264736 0.290627 0.314576 0.336598 0.356732 0.375034 0.39157 0.406412 0.419634 0.431308 0.441502 0.450279 0.457695 0.463799 0.468632 0.472228 0.474611 0.475798 0.475798 0.474611 0.472228 0.468632 0.463799 0.457695 0.450279 0.441502 0.431308 0.419634 0.406412 0.39157 0.375034 0.356732 0.336598 0.314576 0.290627 0.264736 0.236921 0.207241 0.175805 0.142776 0.108376 0.0728866 0.0366381 0 
0 0.0399995 0.0795223 0.11812 0.1554 0.191036 0.224781 0.256466 0.285991 0.313315 0.338447 0.361429 0.382332 0.401239 0.418245 0.433446 0.446937 0.458808 0.469143 0.478018 0.485501 0.491649 0.496509 0.500121 0.502513 0.503704 0.503704 0.502513 0.500121 0.496509 0.491649 0.485501 0.478018 0.469143 0.458808 0.446937 0.433446 0.418245 0.401239 0.382332 0.361429 0.338447 0.313315 0.285991 0.256466 0.224781 0.191036 0.1554 0.11812 0.0795223 0.0399995 0 
0 0.0438377 0.0870825 0.129184 0.169667 0.208157 0.244382 0.278172 0.309447 0.338197 0.364467 0.388341 0.409927 0.429346 0.446725 0.46219 0.475858 0.487843 0.498244 0.507151 0.514643 0.520785 0.525635 0.529234 0.531615 0.5328 0.5328 0.531615 0.529234 0.525635 0.520785 0.514643 0.507151 0.498244 0.487843 0.475858 0.46219 0.446725 0.429346 0.409927 0.388341 0.364467 0.338197 0.309447 0.278172 0.244382 0.208157 0.169667 0.129184 0.0870825 0.0438377 0 
0 0.0482689 0.0957864 0.141865 0.185928 0.227542 0.266417 0.302394 0.335428 0.365558 0.392883 0.41754 0.439688 0.459493 0.477121 0.492729 0.506465 0.518462 0.528838 0.537699 0.545133 0.551216 0.55601 0.559564 0.561914 0.563082 0.563082 0.561914 0.559564 0.55601 0.551216 0.545133 0.537699 0.528838 0.518462 0.506465 0.492729 0.477121 0.459493 0.439688 0.41754 0.392883 0.365558 0.335428 0.302394 0.266417 0.227542 0.185928 0.141865 0.0957864 0.0482689 0 
0 0.0534513 0.10593 0.15656 0.20464 0.249668 0.291348 0.329558 0.364313 0.395724 0.423967 0.449249 0.471792 0.491818 0.509536 0.525141 0.53881 0.5507 0.560948 0.569673 0.576974 0.582936 0.587627 0.591099 0.593393 0.594533 0.594533 0.593393 0.591099 0.587627 0.582936 0.576974 0.569673 0.560948 0.5507 0.53881 0.525141 0.509536 0.491818 0.471792 0.449249 0.423967 0.395724 0.364313 0.329558 0.291348 0.249668 0.20464 0.15656 0.10593 0.0534513 0 
0 0.0596067 0.11792 0.173807 0.226401 0.275142 0.31975 0.360178 0.396541 0.429059 0.458011 0.483696 0.506414 0.526449 0.544063 0.559489 0.572935 0.584581 0.594582 0.60307 0.610154 0.615927 0.620461 0.623813 0.626025 0.627125 0.627125 0.626025 0.623813 0.620461 0.615927 0.610154 0.60307 0.594582 0.584581 0.572935 0.559489 0.544063 0.526449 0.506414 0.483696 0.458011 0.429059 0.396541 0.360178 0.31975 0.275142 0.226401 0.173807 0.11792 0.0596067 0 
0 0.0670552 0.132338 0.194347 0.252017 0.304747 0.352333 0.394863 0.432614 0.465961 0.495322 0.521111 0.543719 0.563503 0.580777 0.595818 0.60886 0.620107 0.629729 0.63787 0.644647 0.650157 0.654477 0.657667 0.65977 0.660815 0.660815 0.65977 0.657667 0.654477 0.650157 0.644647 0.63787 0.629729 0.620107 0.60886 0.595818 0.580777 0.563503 0.543719 0.521111 0.495322 0.465961 0.432614 0.394863 0.352333 0.304747 0.252017 0.194347 0.132338 0.0670552 0 
0 0.0762764 0.150028 0.219225 0.282574 0.339497 0.389971 0.434328 0.47309 0.50685 0.536204 0.561706 0.583849 0.603066 0.619726 0.634143 0.64658 0.657258 0.666358 0.674033 0.680406 0.685576 0.689624 0.692608 0.694574 0.69555 0.69555 0.694574 0.692608 0.689624 0.685576 0.680406 0.674033 0.666358 0.657258 0.64658 0.634143 0.619726 0.603066 0.583849 0.561706 0.536204 0.50685 0.47309 0.434328 0.389971 0.339497 0.282574 0.219225 0.150028 0.0762764 0 
0 0.0880223 0.172274 0.249952 0.319555 0.380697 0.433727 0.479388 0.518566 0.552146 0.58094 0.605658 0.626905 0.645186 0.660919 0.674449 0.68606 0.695985 0.704413 0.711499 0.717368 0.722119 0.725833 0.728568 0.730368 0.731261 0.731261 0.730368 0.728568 0.725833 0.722119 0.717368 0.711499 0.704413 0.695985 0.68606 0.674449 0.660919 0.645186 0.626905 0.605658 0.58094 0.552146 0.518566 0.479388 0.433727 0.380697 0.319555 0.249952 0.172274 0.0880223 0 
0 0.103539 0.201092 0.288753 0.364998 0.430007 0.484853 0.530932 0.56964 0.602227 0.629751 0.653082 0.672928 0.689853 0.704314 0.716674 0.727227 0.736209 0.74381 0.750182 0.755446 0.759701 0.76302 0.765463 0.767069 0.767865 0.767865 0.767069 0.765463 0.76302 0.759701 0.755446 0.750182 0.74381 0.736209 0.727227 0.716674 0.704314 0.689853 0.672928 0.653082 0.629751 0.602227 0.56964 0.530932 0.484853 0.430007 0.364998 0.288753 0.201092 0.103539 0 
0 0.125041 0.239804 0.338969 0.421678 0.489479 0.544745 0.589847 0.626836 0.65737 0.682753 0.703994 0.72187 0.736985 0.749808 0.760706 0.769965 0.777815 0.784436 0.789971 0.794535 0.798216 0.801085 0.803193 0.804579 0.805266 0.805266 0.804579 0.803193 0.801085 0.798216 0.794535 0.789971 0.784436 0.777815 0.769965 0.760706 0.749808 0.736985 0.72187 0.703994 0.682753 0.65737 0.626836 0.589847 0.544745 0.489479 0.421678 0.338969 0.239804 0.125041 0 
0 0.156822 0.294115 0.405641 0.493266 0.561488 0.6148 0.656875 0.690485 0.717666 0.739899 0.758268 0.773573 0.78641 0.797229 0.806375 0.814113 0.82065 0.826147 0.830733 0.834506 0.837545 0.83991 0.841647 0.842788 0.843353 0.843353 0.842788 0.841647 0.83991 0.837545 0.834506 0.830733 0.826147 0.82065 0.814113 0.806375 0.797229 0.78641 0.773573 0.758268 0.739899 0.717666 0.690485 0.656875 0.6148 0.561488 0.493266 0.405641 0.294115 0.156822 0 
0 0.20813 0.374193 0.496212 0.584258 0.648404 0.696094 0.732368 0.760564 0.782909 0.800909 0.815608 0.827744 0.837852 0.846323 0.853452 0.859462 0.864524 0.868771 0.872306 0.875211 0.877547 0.879364 0.880697 0.881572 0.882006 0.882006 0.881572 0.880697 0.879364 0.877547 0.875211 0.872306 0.868771 0.864524 0.859462 0.853452 0.846323 0.837852 0.827744 0.815608 0.800909 0.782909 0.760564 0.732368 0.696094 0.648404 0.584258 0.496212 0.374193 0.20813 0 
0 0.301506 0.498316 0.620756 0.699151 0.751777 0.788805 0.815938 0.836496 0.852496 0.865219 0.875509 0.883945 0.890931 0.89676 0.901649 0.905759 0.909213 0.912106 0.91451 0.916483 0.918069 0.919302 0.920205 0.920798 0.921092 0.921092 0.920798 0.920205 0.919302 0.918069 0.916483 0.91451 0.912106 0.909213 0.905759 0.901649 0.89676 0.890931 0.883945 0.875509 0.865219 0.852496 0.836496 0.815938 0.788805 0.751777 0.699151 0.620756 0.498316 0.301506 0 
0 0.499579 0.69681 0.789344 0.839811 0.870749 0.891409 0.906083 0.916985 0.925361 0.931961 0.937266 0.941594 0.945166 0.948138 0.950625 0.952712 0.954463 0.955929 0.957146 0.958144 0.958945 0.959568 0.960024 0.960324 0.960472 0.960472 0.960324 0.960024 0.959568 0.958945 0.958144 0.957146 0.955929 0.954463 0.952712 0.950625 0.948138 0.945166 0.941594 0.937266 0.931961 0.925361 0.916985 0.906083 0.891409 0.870749 0.839811 0.789344 0.69681 0.499579 0 
1 1 1 1 1 1 1 1 1 1 1 1 1 1 1 1 1 1 1 1 1 1 1 1 1 1 1 1 1 1 1 1 1 1 1 1 1 1 1 1 1 1 1 1 1 1 1 1 1 1 1 1 
